13 320 200 1 1
14 640 200 1 1
16 640 350 1 1
18 640 480 1 1
258 800 600 4 1
260 1024 768 4 1
262 1280 1024 4 1
13 320 200 4 1
14 640 200 4 1
16 640 350 4 1
18 640 480 4 1
19 320 200 8 1
19 320 240 8 1
19 320 400 8 1
19 360 480 8 1
256 640 400 8 1
257 640 480 8 1
259 800 600 8 1
261 1024 768 8 1
263 1280 1024 8 1
336 320 200 8 1
337 320 240 8 1
338 320 400 8 1
339 320 480 8 1
519 1152 864 8 1
546 848 480 8 1
269 320 200 15 1
270 320 200 16 1
272 640 480 15 1
273 640 480 16 1
275 800 600 15 1
276 800 600 16 1
278 1024 768 15 1
279 1024 768 16 1
352 320 240 15 1
353 320 400 15 1
354 320 480 15 1
357 640 400 15 1
368 320 240 16 1
369 320 400 16 1
370 320 480 16 1
373 640 400 16 1
521 1152 864 15 1
522 1152 864 16 1
547 848 480 15 1
548 848 480 16 1
271 320 200 24 1
274 640 480 24 1
277 800 600 24 1
400 320 240 24 1
401 320 400 24 1
402 320 480 24 1
531 640 400 24 1
549 848 480 24 1
